1,1,46
1,4,53
1,2,65
1,3,77
1,3,80
1,1,44
1,2,68
1,4,51
1,3,78
1,1,41
1,4,54
1,2,67
1,1,47
1,4,60
1,2,66
1,3,78
1,1,49
1,4,53
1,2,64
1,3,81
1,1,49
1,4,65
1,3,83
1,2,66
1,1,49
1,4,60
1,2,67
1,3,77
1,4,57
1,1,43
1,2,72
1,3,78
2,4,56
2,1,37
2,2,76
2,3,76
2,2,67
2,3,71
2,1,38
2,4,57
2,1,39
2,4,54
2,2,74
2,3,75
2,1,39
2,4,60
2,3,79
2,2,63
2,1,39
2,3,73
2,2,67
2,4,58
2,4,57
2,1,37
2,2,64
2,3,75
2,1,39
2,2,70
2,3,71
2,4,60
2,2,63
2,1,48
2,4,58
2,3,72
3,2,65
3,1,43
3,3,71
3,4,59
3,1,47
3,3,79
3,2,63
3,4,70
3,1,38
3,4,78
3,2,66
3,3,77
3,1,45
3,2,63
3,4,59
3,3,75
3,3,75
3,2,65
3,1,43
3,4,64
3,1,41
3,4,61
3,3,76
3,2,64
3,3,75
3,1,45
3,2,63
3,4,61
3,3,79
3,1,45
3,2,65
3,4,57
4,1,42
4,2,63
4,4,64
4,3,74
4,1,46
4,3,76
4,4,69
4,2,69
4,1,46
4,4,65
4,2,69
4,3,70
4,3,75
4,2,62
4,1,48
4,4,77
4,3,78
4,1,44
4,2,67
4,4,77
4,2,62
4,1,46
4,4,63
4,3,75
4,2,61
4,3,71
4,4,64
4,1,45
4,2,63
4,3,75
4,1,45
4,4,64
5,2,65
5,3,74
5,4,66
5,3,74
5,1,47
5,4,57
5,2,81
5,1,57
5,3,73
5,2,64
5,4,63
5,3,79
5,1,53
5,4,63
5,2,72
5,1,51
5,4,77
5,2,63
5,3,85
5,1,53
5,2,73
5,4,72
5,3,80
5,4,77
5,1,57
5,3,78
5,2,73
5,1,63
5,3,70
5,4,69
5,2,65
6,4,64
6,1,49
6,2,68
6,3,71
6,1,55
6,3,74
6,2,64
6,4,62
6,1,50
6,3,74
6,2,62
6,4,60
6,2,64
6,1,53
6,4,61
6,3,70
6,3,79
6,1,48
6,2,63
6,4,63
6,2,63
6,1,50
6,4,64
6,3,72
6,1,51
6,4,64
6,3,73
6,2,59
6,1,53
6,4,63
6,3,72
6,2,61
7,3,70
7,4,63
7,2,63
7,1,52
7,3,73
7,1,57
7,2,72
7,4,62
7,1,50
7,3,81
7,4,66
7,2,67
7,1,52
7,2,67
7,3,72
7,4,69
7,3,75
7,2,70
7,4,66
7,1,50
7,3,76
7,1,51
7,2,65
7,4,66
7,2,66
7,1,52
7,3,80
7,4,64
7,1,51
7,4,66
7,3,80
7,2,66
8,2,58
8,1,53
8,4,67
8,3,79
8,2,55
8,4,67
8,1,49
8,3,78
8,1,48
8,2,56
8,3,77
8,4,66
8,1,47
8,4,67
8,2,56
8,3,81
8,3,81
8,1,48
8,2,56
8,4,66
8,1,47
8,4,75
8,3,72
8,2,58
8,3,75
8,2,55
8,1,48
8,4,71
8,2,56
8,3,74
8,1,48
8,4,71
9,1,52
9,4,68
9,2,55
9,3,66
9,4,75
9,2,54
9,1,57
9,3,69
9,1,57
9,3,66
9,2,55
9,4,71
9,2,56
9,1,59
9,4,69
9,3,69
9,1,55
9,2,56
9,3,72
9,4,69
9,1,57
9,2,56
9,3,70
9,4,75
9,3,72
9,1,60
9,4,81
9,2,57
9,3,73
9,2,56
9,4,72
9,1,53
10,2,62
10,4,79
10,1,52
10,3,68
10,2,58
10,1,58
10,3,67
10,4,77
10,4,78
10,3,66
10,2,58
10,1,57
10,2,57
10,1,57
10,3,65
10,4,78
10,3,67
10,2,58
10,4,80
10,1,58
10,3,66
10,2,58
10,4,75
10,1,57
10,3,68
10,2,58
10,4,81
10,1,56
10,2,63
10,1,59
10,3,67
10,4,71
11,3,63
11,4,69
11,2,59
11,1,59
11,1,62
11,2,58
11,4,73
11,3,67
11,1,56
11,4,71
11,3,66
11,2,57
11,2,59
11,1,58
11,3,67
11,4,69
11,4,69
11,3,67
11,1,60
11,2,57
11,1,57
11,2,56
11,4,74
11,3,65
11,2,56
11,1,59
11,3,67
11,4,70
11,1,61
11,4,68
11,2,61
11,3,64
12,1,60
12,2,62
12,4,78
12,3,64
12,3,65
12,1,64
12,2,66
12,4,81
12,1,58
12,2,65
12,3,67
12,4,76
12,1,61
12,4,86
12,2,64
12,3,66
12,3,64
12,1,60
12,2,63
12,4,83
12,1,63
12,3,69
12,2,66
12,4,75
12,4,81
12,3,71
12,1,59
12,2,67
12,1,63
12,3,74
12,4,75
12,2,67
13,2,48
13,1,64
13,4,76
13,3,68
13,1,67
13,2,54
13,4,82
13,3,67
13,2,54
13,3,66
13,1,68
13,4,83
13,1,68
13,2,52
13,3,69
13,4,83
13,4,81
13,2,49
13,1,64
13,3,71
13,2,49
13,1,67
13,4,81
13,3,71
13,1,63
13,2,49
13,4,81
13,3,68
13,3,66
13,2,49
13,1,64
14,2,52
14,1,57
14,3,63
14,4,81
14,2,51
14,3,62
14,1,57
14,4,79
14,3,62
14,2,51
14,1,57
14,4,82
14,2,51
14,3,62
14,1,57
14,3,62
14,2,51
14,4,83
14,1,57
14,3,62
14,2,50
14,1,57
14,4,80
14,1,57
14,2,50
14,3,63
14,4,81
14,1,61
14,2,51
14,3,62
14,4,80
15,2,51
15,3,64
15,1,68
15,4,75
15,3,63
15,4,76
15,2,49
15,1,72
15,1,71
15,2,48
15,4,73
15,3,61
15,2,51
15,3,61
15,4,75
15,3,59
15,2,51
15,4,74
15,1,75
15,2,51
15,4,73
15,3,61
15,4,75
15,2,51
15,3,61
15,3,62
15,2,52
15,1,71
15,4,74
15,1,69
15,2,52
15,3,58
15,4,74
16,1,65
16,3,57
16,4,73
16,2,54
16,2,48
16,3,59
16,1,64
16,4,81
16,2,50
16,4,81
16,1,76
16,3,62
16,1,63
16,2,52
16,4,77
16,3,65
16,4,74
16,1,57
16,2,51
16,3,64
16,3,63
16,2,53
16,1,61
16,4,81
16,1,63
16,2,53
16,3,62
16,4,74
16,3,63
16,2,59
16,4,75
16,1,60
17,3,53
17,1,63
17,2,50
17,4,88
17,1,68
17,3,62
17,2,53
17,4,82
17,2,54
17,3,58
17,4,84
17,1,68
17,3,59
17,1,67
17,2,54
17,4,84
17,3,60
17,2,55
17,1,69
17,4,87
17,3,58
17,2,55
17,1,65
17,4,86
17,2,57
17,3,57
17,1,72
17,4,82
17,1,70
17,2,54
17,3,55
18,1,59
18,2,45
18,4,76
18,3,54
18,3,63
18,2,52
18,4,76
18,1,57
18,3,61
18,1,58
18,2,46
18,4,75
18,3,63
18,4,73
18,1,63
18,2,45
18,2,43
18,1,60
18,3,63
18,4,76
18,2,52
18,4,75
18,3,73
18,1,59
18,1,60
18,3,65
18,4,75
18,2,51
18,4,75
18,3,62
18,2,51
18,1,58
19,3,60
19,2,46
19,4,81
19,1,63
19,1,65
19,3,57
19,4,82
19,2,46
19,3,46
19,2,42
19,1,63
19,4,85
19,2,42
19,1,61
19,3,47
19,4,85
19,1,63
19,2,42
19,3,47
19,4,84
19,3,45
19,2,44
19,1,61
19,4,77
19,3,54
19,2,46
19,1,63
19,4,81
19,3,54
19,2,46
19,1,64
19,4,81
20,2,46
20,3,52
20,1,60
20,4,81
20,2,40
20,1,62
20,3,50
20,4,79
20,1,61
20,2,44
20,3,51
20,4,83
20,3,53
20,2,43
20,1,61
20,2,43
20,1,63
20,3,53
20,4,82
20,3,60
20,2,40
20,1,62
20,4,78
20,3,51
20,2,44
20,1,59
20,4,77
20,1,60
20,2,44
20,3,54
20,4,83
21,2,53
21,4,84
21,3,53
21,1,76
21,3,57
21,1,86
21,2,43
21,4,80
21,3,48
21,2,44
21,1,66
21,4,76
21,2,41
21,1,80
21,3,60
21,4,78
21,1,79
21,2,45
21,4,81
21,3,58
21,1,72
21,3,51
21,2,45
21,4,82
21,2,47
21,1,69
21,4,79
21,3,50
21,3,51
21,2,46
21,1,70
21,4,79
22,1,75
22,2,51
22,4,76
22,3,58
22,3,55
22,2,40
22,1,74
22,4,75
22,2,39
22,3,51
22,1,73
22,4,74
22,1,73
22,2,39
22,3,49
22,4,72
22,1,73
22,2,41
22,3,50
22,4,78
22,3,56
22,2,44
22,4,77
22,1,73
22,2,44
22,3,56
22,4,73
22,1,73
22,3,57
22,2,44
22,1,73
22,4,75
23,3,48
23,1,83
23,4,74
23,2,45
23,1,79
23,2,42
23,3,50
23,4,82
23,2,42
23,3,49
23,1,80
23,4,79
23,3,49
23,2,42
23,1,78
23,4,77
23,2,41
23,1,78
23,3,49
23,4,79
23,4,80
23,3,49
23,2,41
23,1,78
23,1,77
23,2,42
23,4,80
23,3,49
23,3,50
23,2,42
23,1,79
23,4,76
24,3,43
24,2,51
24,1,82
24,4,69
24,2,45
24,4,68
24,1,81
24,3,50
24,2,44
24,3,51
24,4,69
24,1,81
24,4,69
24,2,43
24,3,50
24,1,81
24,3,48
24,2,44
24,1,80
24,4,69
24,1,74
24,3,46
24,4,71
24,2,45
24,2,43
24,4,70
24,3,45
24,1,79
24,2,52
24,3,55
24,4,72
24,1,85
25,3,43
25,2,51
25,4,72
25,3,46
25,4,72
25,2,43
25,1,81
25,3,42
25,4,74
25,1,83
25,2,42
25,3,41
25,2,42
25,1,84
25,4,74
25,2,41
25,1,81
25,3,41
25,4,75
25,2,42
25,3,41
25,4,78
25,1,82
25,3,41
25,2,42
25,1,83
25,4,76
25,2,44
25,1,83
25,3,43
25,4,70
26,3,45
26,2,62
26,4,75
26,1,78
26,2,50
26,3,39
26,4,72
26,1,80
26,3,37
26,4,74
26,2,50
26,3,38
26,1,78
26,2,50
26,4,81
26,2,50
26,4,74
26,1,80
26,3,38
26,2,50
26,4,73
26,1,80
26,3,38
26,3,37
26,2,49
26,1,81
26,4,74
26,3,38
26,2,49
26,1,83
26,4,72
27,3,50
27,2,49
27,4,62
27,1,82
27,3,51
27,2,46
27,1,75
27,4,65
27,3,44
27,1,80
27,4,73
27,2,50
27,2,48
27,3,45
27,4,76
27,1,78
27,3,44
27,2,50
27,4,71
27,1,80
27,2,49
27,3,44
27,4,69
27,1,81
27,3,46
27,2,47
27,1,80
27,4,69
27,3,43
27,2,47
27,1,78
27,4,67
28,3,44
28,2,50
28,1,80
28,4,67
28,2,65
28,1,84
28,4,66
28,3,41
28,3,42
28,4,64
28,2,61
28,3,42
28,2,62
28,4,64
28,1,83
28,3,42
28,4,64
28,2,61
28,1,86
28,4,63
28,2,63
28,3,42
28,1,83
28,2,58
28,4,63
28,3,43
28,1,79
28,4,67
28,3,51
28,2,58
28,1,83
29,2,59
29,3,47
29,1,80
29,4,63
29,1,83
29,4,73
29,3,41
29,2,55
29,4,72
29,2,57
29,3,41
29,1,86
29,2,59
29,4,73
29,3,41
29,3,41
29,2,57
29,4,69
29,3,41
29,4,73
29,2,55
29,1,84
29,4,71
29,3,42
29,2,59
29,3,41
29,2,57
29,4,68
29,1,84
29,3,45
29,4,68
29,1,80
29,2,55
30,2,57
30,4,64
30,3,43
30,3,40
30,2,57
30,1,77
30,4,65
30,3,37
30,2,74
30,4,63
30,3,40
30,4,63
30,2,58
30,1,80
30,3,38
30,4,62
30,2,59
30,1,77
30,3,39
30,4,63
30,2,59
30,1,77
30,3,41
30,4,66
30,2,58
30,1,76
30,3,40
30,2,58
30,4,64
30,1,76
30,3,39
30,2,58
30,1,76
30,4,64
31,2,63
31,1,79
31,3,43
31,4,64
31,2,64
31,3,39
31,4,66
31,1,80
31,4,63
31,3,38
31,2,61
31,1,79
31,2,61
31,4,63
31,1,78
31,3,38
31,1,79
31,4,64
31,2,61
31,3,38
31,3,38
31,4,64
31,1,76
31,2,62
31,3,38
31,1,78
31,2,62
31,4,64
31,2,57
31,3,42
31,4,61
31,1,81
32,2,60
32,4,63
32,1,75
32,3,46
32,3,46
32,1,84
32,2,56
32,4,56
32,3,45
32,2,54
32,1,79
32,4,55
32,3,44
32,2,57
32,4,62
32,1,78
32,4,58
32,2,57
32,3,46
32,1,84
32,2,57
32,3,43
32,1,79
32,4,64
32,2,62
32,3,58
32,1,78
32,4,57
32,3,52
32,2,63
32,1,75
32,4,58
33,3,44
33,4,57
33,2,66
33,1,79
33,2,66
33,4,60
33,3,45
33,1,83
33,3,43
33,2,59
33,1,80
33,4,63
33,3,43
33,4,66
33,1,80
33,2,59
33,1,80
33,2,61
33,3,44
33,4,59
33,3,42
33,4,63
33,2,61
33,1,79
33,3,43
33,4,64
33,2,60
33,1,77
33,1,78
33,4,64
33,3,44
33,2,61
34,2,66
34,3,47
34,4,52
34,1,77
34,2,57
34,3,45
34,4,56
34,1,77
34,2,56
34,4,57
34,1,76
34,3,44
34,3,44
34,4,57
34,1,79
34,2,57
34,3,44
34,4,57
34,2,55
34,1,79
34,4,57
34,3,44
34,2,55
34,1,81
34,3,44
34,4,57
34,2,55
34,1,78
34,2,74
34,4,55
34,3,51
34,1,84
35,3,50
35,2,59
35,1,78
35,4,64
35,3,55
35,1,75
35,2,56
35,4,72
35,2,57
35,3,55
35,1,75
35,4,71
35,2,57
35,3,55
35,4,70
35,1,76
35,2,56
35,3,55
35,1,77
35,3,54
35,2,57
35,1,73
35,4,71
35,3,55
35,2,57
35,1,74
35,4,71
35,3,54
35,2,57
35,4,64
35,1,78
36,2,67
36,3,48
36,4,65
36,1,78
36,3,45
36,2,61
36,1,74
36,4,66
36,2,62
36,1,77
36,3,45
36,4,70
36,2,62
36,1,72
36,4,67
36,3,45
36,3,45
36,1,74
36,2,62
36,4,65
36,3,45
36,1,74
36,4,64
36,2,63
36,3,45
36,2,62
36,1,71
36,4,69
36,3,45
36,4,67
36,2,62
36,1,71
37,3,58
37,2,72
37,1,78
37,4,52
37,3,51
37,2,66
37,4,56
37,1,82
37,3,51
37,2,64
37,4,55
37,1,84
37,4,53
37,3,51
37,2,71
37,1,82
37,3,52
37,4,54
37,2,67
37,1,81
37,3,52
37,2,69
37,4,55
37,1,76
37,2,66
37,4,52
37,1,80
37,3,57
37,4,54
37,2,66
37,3,58
37,1,77
38,3,59
38,2,72
38,4,64
38,1,68
38,3,59
38,4,58
38,2,66
38,1,71
38,3,57
38,2,64
38,1,66
38,4,68
38,2,66
38,1,66
38,3,57
38,4,58
38,4,61
38,3,57
38,2,67
38,1,65
38,3,57
38,2,65
38,4,66
38,1,69
38,2,66
38,3,58
38,1,67
38,4,61
38,3,57
38,4,65
38,1,68
38,2,65
39,3,64
39,4,55
39,2,67
39,1,69
39,3,59
39,2,65
39,1,69
39,4,55
39,4,53
39,2,65
39,1,66
39,3,58
39,3,58
39,4,56
39,2,66
39,1,66
39,4,57
39,3,59
39,1,66
39,2,67
39,3,58
39,2,66
39,1,69
39,4,57
39,3,56
39,4,57
39,1,65
39,2,65
39,4,54
39,3,63
39,2,68
39,1,72
40,3,62
40,4,60
40,1,73
40,2,74
40,3,51
40,4,59
40,2,70
40,1,72
40,2,69
40,4,58
40,1,71
40,3,51
40,2,69
40,4,55
40,3,51
40,1,74
40,3,51
40,4,57
40,1,75
40,2,70
40,2,69
40,4,57
40,3,51
40,1,80
40,4,56
40,2,69
40,3,51
40,1,75
40,1,73
40,4,59
40,3,51
40,2,69
40,2,70
40,3,51
40,4,60
40,1,75
41,4,55
41,3,60
41,2,69
41,1,77
41,3,55
41,4,51
41,2,66
41,1,67
41,3,55
41,2,69
41,1,75
41,4,52
41,4,49
41,3,54
41,1,70
41,2,67
41,3,55
41,2,67
41,4,49
41,1,64
41,4,50
41,3,57
41,2,67
41,1,69
41,4,55
41,3,60
41,2,70
41,1,71
41,3,59
41,4,48
41,2,71
41,1,71
42,4,54
42,3,62
42,1,75
42,2,67
42,3,68
42,4,52
42,2,67
42,1,79
42,1,67
42,4,45
42,3,69
42,2,70
42,3,69
42,4,46
42,2,70
42,1,71
42,3,69
42,2,69
42,4,43
42,1,63
42,2,70
42,4,44
42,3,68
42,1,70
42,4,45
42,3,68
42,1,72
42,2,70
42,3,69
42,2,69
42,4,44
42,1,67
43,4,47
43,1,77
43,3,58
43,2,73
43,4,50
43,3,59
43,1,63
43,2,71
43,3,59
43,4,49
43,1,67
43,2,68
43,4,49
43,3,59
43,2,69
43,1,65
43,1,66
43,4,50
43,2,69
43,3,59
43,4,50
43,2,68
43,3,59
43,1,65
43,4,54
43,2,68
43,3,59
43,1,67
43,3,59
43,4,51
43,2,68
43,1,63
44,3,59
44,2,74
44,4,42
44,1,67
44,4,45
44,1,64
44,3,54
44,2,85
44,4,42
44,3,54
44,2,83
44,1,71
44,3,54
44,4,43
44,1,65
44,2,81
44,3,57
44,2,79
44,4,47
44,1,67
44,4,48
44,3,59
44,1,64
44,2,77
44,3,60
44,1,64
44,4,47
44,2,77
44,3,58
44,2,76
44,1,71
44,4,48
45,3,60
45,2,78
45,1,59
45,4,48
45,1,56
45,4,51
45,3,55
45,2,85
45,4,49
45,2,84
45,1,57
45,3,57
45,3,58
45,1,57
45,4,52
45,2,82
45,1,57
45,3,61
45,2,81
45,4,54
45,1,64
45,4,47
45,2,82
45,3,62
45,4,54
45,1,55
45,3,63
45,2,80
45,3,63
45,1,59
45,2,80
45,4,53
46,4,50
46,1,65
46,3,69
46,2,78
46,4,57
46,1,56
46,2,78
46,3,61
46,3,61
46,1,57
46,4,52
46,2,76
46,1,63
46,4,54
46,2,80
46,3,61
46,4,55
46,3,60
46,1,59
46,2,77
46,3,60
46,4,61
46,1,67
46,2,77
46,4,53
46,1,60
46,3,60
46,2,77
46,1,58
46,4,52
46,3,61
46,2,79
47,3,58
47,2,74
47,1,62
47,4,45
47,3,55
47,4,48
47,2,74
47,1,50
47,4,50
47,1,57
47,2,72
47,3,57
47,1,64
47,3,56
47,4,45
47,2,71
47,3,57
47,2,72
47,1,60
47,4,47
47,3,55
47,1,58
47,2,71
47,4,45
47,1,64
47,3,55
47,2,70
47,4,48
47,1,58
47,4,43
47,3,61
47,2,76
48,4,50
48,3,81
48,2,87
48,1,56
48,3,71
48,1,62
48,4,56
48,2,87
48,4,49
48,3,71
48,2,80
48,1,63
48,4,48
48,1,60
48,3,78
48,2,82
48,3,79
48,4,44
48,2,82
48,1,60
48,1,58
48,4,44
48,3,71
48,2,85
48,1,59
48,3,82
48,4,49
48,2,84
48,1,56
48,4,49
48,3,82
48,2,85
49,4,51
49,1,47
49,3,76
49,2,86
49,1,45
49,3,76
49,4,46
49,2,85
49,1,46
49,4,45
49,2,85
49,3,78
49,3,75
49,4,45
49,1,46
49,2,85
49,3,78
49,1,46
49,4,54
49,2,84
49,4,59
49,1,48
49,2,80
49,3,78
49,3,76
49,2,77
49,4,53
49,1,48
49,1,52
49,4,51
49,3,75
49,2,82
50,2,81
50,1,56
50,3,81
50,4,48
50,1,56
50,4,47
50,3,76
50,2,81
50,1,49
50,2,82
50,3,82
50,4,48
50,3,81
50,4,49
50,2,83
50,1,50
50,1,53
50,2,81
50,3,77
50,4,48
50,1,58
50,3,77
50,4,46
50,2,80
50,1,57
50,2,77
50,4,47
50,3,82
50,1,48
50,2,79
50,4,45
50,3,84
51,4,57
51,2,81
51,3,75
51,1,45
51,1,57
51,4,56
51,3,66
51,2,80
51,1,52
51,3,70
51,4,53
51,2,80
51,1,56
51,4,47
51,3,70
51,2,78
51,3,70
51,2,74
51,4,48
51,1,58
51,1,47
51,2,83
51,4,56
51,3,72
51,1,47
51,4,54
51,2,85
51,3,73
51,1,48
51,4,61
51,3,73
52,4,46
52,1,58
52,2,76
52,3,80
52,3,73
52,4,46
52,1,54
52,2,76
52,1,54
52,4,47
52,3,76
52,2,81
52,1,51
52,4,48
52,3,74
52,2,83
52,4,49
52,1,50
52,2,84
52,3,77
52,1,52
52,2,82
52,4,46
52,3,77
52,3,81
52,4,46
52,2,78
52,1,62
52,1,56
52,3,85
52,4,50
52,2,79
53,4,49
53,1,40
53,3,81
53,2,82
53,1,41
53,4,46
53,3,79
53,2,85
53,4,47
53,1,39
53,2,81
53,3,80
53,4,45
53,1,39
53,2,85
53,3,83
53,1,41
53,4,44
53,3,79
53,2,82
53,3,81
53,1,40
53,4,45
53,2,81
53,3,79
53,4,44
53,2,82
53,1,57
53,1,48
53,4,43
53,3,79
53,2,73
54,3,76
54,4,56
54,1,52
54,2,65
54,1,40
54,2,80
54,4,55
54,3,82
54,1,43
54,4,56
54,2,75
54,3,82
54,4,58
54,1,43
54,2,75
54,4,58
54,2,75
54,1,41
54,3,84
54,3,85
54,1,42
54,2,74
54,4,54
54,3,79
54,1,43
54,2,71
54,4,55
54,3,80
54,1,44
54,4,54
54,2,71
54,3,81
